      0   0   29  21
     33   0   33  21
     69   0   34  21
    107   0   33  21
    148   0   29  21
    184   0   31  21
    220   0   34  21
    261   0   31  21

      0   30   29  21
     33   30   33  21
     69   30   34  21
    107   30   33  21
    148   30   29  21
    184   30   31  21
    220   30   34  21
    261   30   31  21

      0   58   39  23
     40   58   39  23
     80   58   40  23
    126   58   39  23
    171   58   39  23
    213   58   41  23
    254   58   43  23
    301   58   42  23

      0   91   29  23
     34   91   29  23
     70   91   31  23
    107   91   31  23
    150   91   31  23
    185   91   31  23
    220   91   31  23
    261   91   31  23